1	1	276	313	308	355
1	2	361	45	403	88
1	3	358	169	391	212
1	4	368	331	403	357
1	5	446	62	489	104
1	6	446	123	477	156
1	7	445	211	478	255
1	8	533	162	564	206
1	9	561	86	611	122
1	10	594	174	625	216
1	11	6	112	143	50	160	90	24	152
1	12	78	279	201	252	209	295	87	321
1	13	203	191	334	151	348	192	216	233
3	1	254	311	286	355
3	2	358	44	403	88
3	3	386	157	419	201
3	4	393	324	431	353
3	5	444	61	489	104
3	6	445	125	477	156
3	7	466	206	497	249
3	8	550	157	582	199
3	9	557	84	607	121
3	10	616	168	636	210
3	11	6	111	142	50	160	90	24	150
3	12	61	279	182	251	191	294	70	320
3	13	202	190	333	149	346	191	215	231
5	1	254	312	286	355
5	2	358	45	403	86
5	3	388	158	419	201
5	4	397	324	433	353
5	5	444	62	489	103
5	6	444	126	477	155
5	7	469	207	499	248
5	8	555	83	603	121
5	9	547	152	579	193
5	10	627	171	637	214
5	11	6	111	142	50	160	90	23	152
5	12	61	279	183	252	191	295	70	321
5	13	203	190	334	149	347	191	214	231
7	1	253	311	285	355
7	2	359	45	403	88
7	3	391	159	421	203
7	4	397	316	433	354
7	5	445	61	488	104
7	6	445	127	477	156
7	7	472	207	502	249
7	8	550	156	581	197
7	9	554	85	604	121
7	10	628	171	638	213
7	11	6	111	142	50	160	89	23	150
7	12	52	279	174	252	184	295	60	322
7	13	202	190	333	149	346	190	215	232
9	1	253	311	285	354
9	2	359	45	403	87
9	3	393	158	425	203
9	4	399	318	435	354
9	5	446	61	489	105
9	6	445	126	477	155
9	7	474	207	506	248
9	8	553	157	584	199	
9	9	554	83	604	121
9	10	628	171	637	214
9	11	5	111	141	50	160	90	23	151
9	12	51	280	174	252	184	295	61	322
9	13	202	190	334	149	346	192	214	231
11	1	272	312	304	356
11	2	359	45	402	86
11	3	359	169	391	211
11	4	367	331	404	355
11	5	446	61	490	104
11	6	446	123	478	157
11	7	447	212	479	257
11	8	533	161	563	205
11	9	561	86	610	121
11	10	599	173	630	216
11	11	6	111	142	50	160	90	24	152
11	12	72	279	194	251	204	294	81	321
11	13	203	191	334	150	348	192	216	233
13	1	272	312	302	355
13	2	360	45	404	86
13	3	369	164	400	205
13	4	371	330	408	355
13	5	446	61	489	105
13	6	445	122	478	157
13	7	455	212	487	255
13	8	535	161	567	202
13	9	562	86	611	122
13	10	602	173	633	215
13	11	6	111	143	49	160	89	23	152
13	12	72	274	195	247	204	290	81	317
13	13	203	190	335	148	348	191	216	232
15	1	270	310	301	353
15	2	361	45	405	88
15	3	369	167	401	208
15	4	374	332	408	356
15	5	446	61	489	105
15	6	445	125	479	155
15	7	461	208	490	251
15	8	535	161	567	203
15	9	560	85	610	121
15	10	604	172	635	215
15	11	6	111	142	50	160	90	23	151
15	12	69	281	192	254	201	296	77	323
15	13	203	189	335	149	348	192	215	231
17	1	270	310	300	352
17	2	359	43	403	87
17	3	374	163	403	206
17	4	374	332	411	356
17	5	446	61	489	104
17	6	445	125	478	155
17	7	460	210	489	252
17	8	537	157	568	199
17	9	561	85	609	122
17	10	607	173	638	214
17	11	7	111	142	50	160	90	24	151
17	12	71	277	193	248	203	292	79	319
17	13	202	190	334	148	348	191	214	231
19	1	268	310	298	351
19	2	360	44	403	86
19	3	373	165	403	208
19	4	377	327	413	354
19	5	445	61	488	104
19	6	445	124	477	156
19	7	460	210	491	253
19	8	543	162	572	203
19	9	561	84	609	122
19	10	607	170	638	213
19	11	6	111	142	50	160	89	23	151
19	12	67	283	189	255	200	298	75	324
19	13	203	190	334	149	347	190	215	231
21	1	260	313	291	355
21	2	358	45	403	87
21	3	379	164	411	206
21	4	384	326	421	354
21	5	444	62	488	103
21	6	444	126	477	156
21	7	460	208	492	251
21	8	542	158	573	202
21	9	558	85	609	122
21	10	608	171	638	213
21	11	6	111	142	50	159	89	23	151
21	12	69	275	191	248	200	290	78	318
21	13	202	190	335	148	347	192	214	230
23	1	256	313	288	354
23	2	359	46	403	87
23	3	383	161	414	204
23	4	387	327	423	355
23	5	444	61	488	105
23	6	445	127	476	156
23	7	463	209	495	252
23	8	548	161	578	203
23	9	558	85	609	122
23	10	616	171	637	214
23	11	6	111	142	50	160	89	23	152
23	12	63	278	185	252	195	294	72	320
23	13	203	189	334	148	346	191	214	232
25	1	262	310	292	355
25	2	359	45	403	86
25	3	384	158	417	204
25	4	390	327	426	353
25	5	445	61	488	103
25	6	445	126	476	156
25	7	465	206	496	251
25	8	548	158	578	202
25	9	559	84	609	121
25	10	614	167	636	210
25	11	6	111	142	49	160	89	23	150
25	12	63	279	185	251	194	295	72	321
25	13	202	190	334	149	346	191	214	232
